1111111111111110000000010000000000000000002000002022222222222222
1111111111111101000001000000000000000000000000022222220222222222
1111111111111100000001100000000000000000000000222222220022222222
1111111111111100000001100000000000000000000000022222222222222220
1111111111111100000000110000000000000000002000002222222222022222
1111111111111100000000110000000000000000002000002222222220222222
1111111110111111001000000000000000000000002000002022222222222222
1111111110111111001000000000000000000000000000022222220222222222
1111111100111111011000000000000000000000022000000022222222222222
1111111100111111011000000000000000000000002000002222222222022222
1111111100111111011000000000000000000000000000022222222222222220
1111111011111111000001000000000000000000000000222222220022222222
1111111011111111000001000000000000000000000000022222222222222220
1111111011111111000000010000000000000000022000000022222222222222
1111111011111111000000000000100000000000000000222222222022222220
1111111011111111000000000000100000000000000000222222222022222202
1111111011111111000000000000000000010000000002222222202022222220
1111111011111111000000000000000000000000000012222222002022222220
1111111011111111000000000000000000000000000002222222012022220220
1111111011111110000000010000000000000000000022222220002022222220
1111111011111101000001100000000000000000000000222222222022222220
1111111011111101000000110000000002000000000000002222222222022222
1111111011111101000000110000000000000000202000002022222222022222
1111111011111101000000110000000000000000022000000222222220222222
1111111011111101000000010000000100000000222000000022222222022222
1111111011111101000000010000000100000000022000002222222200222222
1111111011111101000000000000001100000000222000000222222220022222
1111111011111100000001110000000000000000000000222222222222222200
1111111011111100000000110000000000000000000022222220002222222200
1111111011111100000000100000001102000000220000000222222220022222
1111111011111011000010000000100000000000000002222222220022222202
1111111011111011000010000000100000000000000000222222222222222200
1111111011111011000010000000000000010000000002222222022222222200
1111111011111011000010000000000000000000000012222220022222222200
1111111011111011000010000000000000000000000002222222022022220200
1111111011111011000000110000000000000000022000002022222202222222
1111111011111011000000000001000000000000000022222220002222222200
1111111011111011000000000000000000100000000022222220022222222000
1111111011111011000000000000000000000000010022220220022222222000
1111111011111010000010100000100000000000000022222222200022222202
1111111011111010000000100000000000000000020022220200022222222000
1111111011011100010000102000001100000000220000000222222220022222
1111111011011100000000101000001100000000222000000022222220022222
1111111011011100000000100000001101000000220000000022222220022222
1111111011011100000000100000001100000000120000000222222200022222
1111110111111110000001100000000000000000000000222222222022222220
1111110111111110000001100000000000000000000000222222222022222202
1111110111111100000001110000000000000000000002222222220022222202
1111110111111100000001110000000000000000000000222222222222222200
1111110011111111000010000000100000000000000022222222200022222202
1111110011111111000010000000000000000020000000222222022022220200
1111110011111111000001100000000000000000000002222222202022222220
1111110011111111000000110000000002000000020000002202222222022222
1111110011111111000000110000000000000000222000000022222202222222
1111110011111111000000010000000100000000022000022222222000222222
1111110011111111000000000000001100000000022000222222220000222222
1111110011111110000010100000100000000000000022222222200222222200
1111110011111110000000100000001100000000022000222222220200222202
1111110011111110000000100000000000000000020022220200222222220000
1111110011111101000011000000100000000000000022222222202022222200
1111110011111101000001110000000000000000222000000222222202022222
1111110011111101000001110000000000000000000002222222222022222020
1111110011111101000001110000000000000000000002222222022222222200
1111110011111101000000110000001000000000222000200222222002022222
1111110011111101000000110000000000000000000022222222002222220200
1111110011111100000011100000100000000000000022222222222022222000
1111110011111100000011100000100000000000000022222222202222222000
1111110011111100000011000000110000000000000222222222022022222000
1111110011111100000011000000110000000000000022222222222222220000
1111110011111100000010000000111000000000000222222222022222220000
1111110011111100000001100000001100000000022000222222222200222200
1111110011111100000001000000011100000000022002222222202200222200
1111110011111100000001000000010100000100022002222222222200222000
1111110011111100000001000000010100000000022022122222202200222000
1111110011111100000000110000000000000000020022220220222222200000
1111110011111001000011110000000000000000000022222222202022222020
1111110011111001000011110000000000000000000022222222002222222200
1111110011111000000011000000111000000000000222222222222222200000
1111110011111000000011000000010100000000022022222222202000222000
1111110011111000000011000000010000000001022222222222002000222000
1111110011111000000001110000000000000000020022220222222222000000
1111110011110111000110000000000000000020000000222222222022220000
1111110011110111000100000001000000000020000002222222220022220000
1111110011110111000100000000000000100020000022222222020022220000
1111110011110111000001110000000002000000020000002222222222002222
1111110011110111000000110000001002000000020000022222222022002222
1111110011110111000000010000001102000000020000222222220022002222
1111110011110110000000110000001102000000020000222222222022002220
1111110011110000000111000000010000000002022222022222002000222000
1111110011011110000000100000001100000000220000000022222200022222
1111110011011100000000110000001102000000200000000022222200022222
1111100111111110000001110000000000000000000002222222222022222002
1111100111111110000001110000000000000000000002222222220222222200
1111100111111010000011110000000000000000000022222222202022222002
1111100111111010000011110000000000000000000002222222222222222000
1111100011111111000100000000000000100020000222222220020022220000
1111100011111111000000110000001000000000222000202222222000022222
1111100011111111000000110000000000000100222002202222220000022222
1111100011111111000000110000000000000000000022222222202222200200
1111100011111110000011000000110000000000000222222222222022220000
1111100011111110000011000000010000000102000222202222222022220000
1111100011111110000011000000010000000002000222122222220022220000
1111100011111110000000110000001102000000020000222222222222002200
1111100011111100000011100000010000000002000222222222200022220000
1111100011111100000011000000111000000000002222222220222222200000
1111100011111011000011110000000000000000000022222222222022220020
1111100011111011000011110000000000000000000022222222202222220200
1111100011111011000011110000000000000000000022222220222222222000
1111100011111011000001110000000000000200222002002222220000022222
1111100011111011000001110000000000000000000222222222002222200200
1111100011111011000000110000001000000000002222222220002222200200
1111100011111000000111000000010000000002022222222222000000222000
1111100011111000000111000000000000001002022222222222020000220000
1111100011111000000011100000111000000000002222222222222222000000
1111100011111000000011100000011000000100022222222202222222000000
1111100011111000000011100000011000000000222212222002222222000000
1111100011110110000001110000001122000000000000222222222222002200
1111100011110110000000112000011120000000000000222222222222002200
1111100011110011000111110000000000000000000222222222022022220020
1111100011110011000111110000000000000000000222222222002222220200
1111100011110011000001110000001000000000002222222220022222200000
1111100011101111001100000000000000200020000022222220020022220000
1111100011101100000111100000010000000002002222222202200022220000
1111100011101100000111000000010100000002002222222222200022200000
1111100011101011001110000000000000200020000222222200020022220000
1111100011101011001100000001000000200020000222222200220022200000
1111100011101011000111110000000000000000000222222220022222222000
1111100011101011000100000001000000000020000222222200220022200000
1111100011101000001111000000000000002002022220222222020000220000
1111100011011110000000110000001102000000200000020022222000022222
1111100011011100000001110000001102000000200000220022220000022222
1111010011111100000001110000000000000000020222220222022222000000
1111010011111000000011110000000000000000022222220022022222000000
1111010011110000000111110000000000000000022222220222022220000000
1111000111111110000011110000000000000000000022222222202222222000
1111000011111111000011110000000000000000000022222222222222220000
1111000011111111000001110000000000000200222002002222220200022220
1111000011111110000000112000011120000000000002222222220222002200
1111000011111100000111000000010100000002022222220222200022200000
1111000011111100000111000000000100000012022222222222200020200000
1111000011111100000111000000000000000012022222202222200020200000
1111000011111100000011100000011000000000222222222002202222000000
1111000011111100000001100000111000000000222222222202202220000000
1111000011111000001111000000000000002002022222222222000000220000
1111000011111000000111100000000000000022022220202222200020200000
1111000011111000000101100001000000000022022222202222000020200000
1111000011111000000011100000111000000020222222202202202220000000
1111000011111000000011100000101000000010222222222202202020000000
1111000011111000000001100011000000000022222222202022000020200000
1111000011111000000001100001000000010022222222202222000020000000
1111000011110111000011110000000000000200222002202222220000022220
1111000011110111000001110000001000000000002222222222022222000000
1111000011110000000111100000101000000020222222202202202020000000
1111000011110000000111100000001000000120222222222202200020000000
1111000011110000000111100000000000000120222202222202200020000000
1111000011110000000101100001000000020022222202202222000020000000
1111000011110000000100100001100000020222222202002222000020000000
1111000011101111000111110000000000000000000222222222022222202000
1111000011101111000100000001000000000020000222222202220022000000
1111000011100000001111100000000000000220222202022202200020000000
1111000011011111000111110000000000000000000222222202222222220000
1111000011011000011111000000000000002022022220222222000000220000
1111000011001111001111110000000000000000000222222222222222200000
1111000001111110010000112000011120000000000022222222020222002200
1111000001111110000000111000011120000000000022222222220222000200
1111000001111100000001111000011120000000000022222222222222000000
1111000001111100000001110000011121000000020022222022222222000000
1111000001111100000001110000011120000000120022222222222202000000
1111000001111000000011110000011120000000220022222022222202000000
1110100011111011000111110000000000000000000222222222222022200020
1110100011111011000111110000000000000000000222222222202222200200
1110100011101011001111110000000000000000002222222220222022200020
1110100011101011001111110000000000000000002222222220202222200200
1110010011111000000111110000000000000000022222222222022200000000
1110010011101000001111110000000000000000222222222022022200000000
1110010011101000001111010000000100000002222222202022022200000000
1110010011101000001111010000000000000012222222002022022200000000
1110000011111111000111110000000000000000002222222200222222220000
1110000011111111000100000001000000000022000222022202220022000000
1110000011111111000011110000000000000200222002202222222000022200
1110000011111111000001110000001000000000022222222022022222000000
1110000011111000011111000000000000002022222220222022000000220000
1110000011111000000100100001200000000222222202002222000020000000
1110000011111000000100000001210000000222222222002220000020000000
1110000011111000000100000001200000001222222220002220000020000000
1110000011111000000100000000200000001222222020002220000020000000
1110000011111000000000000000100000001222222220002200000020000000
1110000011111000000000000000000000002122222020002200000020000000
1110000011101111001111110000000000000000002222222222202222000200
1110000011101111001100000001000000000022000222022222220020000000
1110000011101111000011110000001000000000022222222222022202000000
1110000011101011001110000001000000000022002222022220220020000000
1110000011101011001010000011000000000022002222222220200020000000
1110000011101000001111100000000000000220222222022202000020000000
1110000011100011001110000011000000000022022222222200200020000000
1110000011100001001111000011000000000022222222222000200020000000
1110000011100001001111000010000000100022222222222200200000000000
1110000011100001001111000010000000020022222102222200200000000000
1110000011100000001111100010000000020022222202222200000000000000
1110000011100000001111100000000000012022222002222200000000000000
1110000011011111000111110000000000000200222002222222220000022200
1110000011001111001111110000000000000200222022222222200000022200
1110000011000000011111100000000000022022220002222200000000000000
1110000010111111001111110000000000000000002222222220222222020000
1110000010111000100000000000000000002222222000002200000020000000
1110000010011000110000000000002000002220222000002200000020000000
1110000001111000111111000000000000002022222220222222000000020000
1110000000111111011111110000000000000000022222222020222222020000
1101100011111100000001110000001122000000000000220022220000022222
1101100011111000000011110000001122000000000000220022222000022220
1101100011111000000001110000011122000000000000220022222200022200
1101100011111000000001110000001122000010000020220020222200022200
1101100011111000000000110000011122000010000020220022222200002200
1101100011111000000000110000011122000000000022210022220200002200
1101100011111000000000110000010122000200000002000022221200002200
1101100011111000000000110000010122000100000022010022220200002200
1101100011111000000000010000011122000200000002000022222200002000
1101100011111000000000010000010122000100000002200022222000002000
1101100011111000000000000000011122000100000002220022220000002000
1101100011111000000000000000011122000000000012220022020000002000
1101100011111000000000000000001122001000000022220022000000002000
1101100011111000000000000000000122002010000020220022000000002000
1101100011111000000000000000000022002010000020200022000000002000
1101100011111000000000000000000022002000000021200022200000000000
1101100011110000000100000000000022002000000022200022000000000000
1101100011100000001100000000000022002200000022000022000000000000
1101000011110000001100000000000022002200000222000020000000000000
1101000011101111001111110000000000000000002222222220222222200000
1101000011010000011100000000000022002200002222000000000000000000
1101000011001111011111110000000000000000022222220220222222200000
1101000011000000011110000000000022022200000222000000000000000000
1100100011111011001111110000000000000000002222222222222022000020
1100010011111000001111010000000000000022222220002022022200000000
1100000011111111001111110000000000000000022222222022222022000020
1100000011111111001111110000000000000000022222222022202222000200
1100000011111111000011110000001000000000222222220222022202000000
1100000011111111000011100000001100000000222222222222022200000000
1100000011111111000011100000001000002010222220222222022200000000
1100000011111110000011110000001000002020222220202222022200000000
1100000011111110000011110000000000002021222222202222002200000000
1100000011111100001111010000000000000022222220202022002200000000
1100000011111000001111110000000000000022222220222022002000000000
1100000011111000001111100000000000000222222222002202000020000000
1100000011100000011111100000000000022222220000222200000000000000
1100000011100000011110000000000022222200000022000000000000000000
1100000011011111011111110000000000000000022222222222222002000020
1100000011011111011111110000000000000000022222222222202202000200
1100000011011111001111110000000000000200222022222222202000022000
1100000011011110000111110000000000002022222222002222002200000000
1100000011011000110000000000002000022220220000002200000020000000
1100000011010000110100000000002200022200220000002200000020000000
1100000011000000111100000000002200222200200000002200000020000000
1100000011000000111000000001002200222200220000002000000020000000
1100000011000000110000000001002200022200220000002000000020000000
1100000011000000100200000000002200000200221000002200000000000000
1100000011000000100000000012002200020200220000002000000020000000
1100000011000000100000000002002200010200220000002200000000000000
1100000010011111111111110000000000000000222222222022222002000020
1100000010011111111111110000000000000000222222222022202202000200
1100000001111000011111110000000000000022222222222022000000000000
1100000001111000011111100000000000002222222220002202000020000000
1100000001100000111111100000000002022222200000222200000000000000
1100000001100000111110000000000022222220000020000000000000000000
1100000001100000111100000000010022222020000020000000000000000000
1100000001100000111000000010020022222000000020000000000000000000
1100000001000000110200000000002200000200222000002000000000000000
1011111110111111011000000000000000000000022000000222222222022222
1011111110111111011000000000000000000000002020002222202222022222
1001000011101111011111110000000000000000022222222220222202200000
1000000011111111011111110000000000000000022222222222222202000000
1000000011111111001111110000000000000200222222222222002000022000
1000000011111110000111110000000000002022222222022222002000000000
1000000011100000111111100000000002022222220000220200000000000000
1000000011100000111111000000010002022222222000220000000000000000
1000000011100000111111000000000002221222202000220000000000000000
1000000011100000111110000000001002221022202000220000000000000000
1000000011100000111100000001002002221020202000220000000000000000
1000000011100000110100000001002002021020202000220000000000000000
1000000011002000000000000000002200011020000000201000000000000000
1000000011000000111100000001002002221020200000220000000000000000
1000000011000000111000000012002002021020200000220000000000000000
1000000011000000110000000011002002021022200000200000000000000000
1000000011000000100000000020002000011022200000200000000000000000
1000000011000000100000000011002002001022200000200000000000000000
1000000011000000000200000000002200011020100000200000000000000000
1000000011000000000000000120002200011020200000200000000000000000
1000000011000000000000000020002210011020000000200000000000000000
1000000010111110001111110000000000002022222222222222000000000000
1000000001111111111111110000000000000000222222222022222202000000
1000000001111111011111110000000000000200222222222222022000020000
0111111111111111001000000000000000000000022000000022222222222222
0111111111111111001000000000000000000000002000002222222222022222
0111111111111111001000000000000000000000000000222222220022222222
0111111111111111001000000000000000000000000000022222222222222220
0111111111111111000000000010000000000000000000222222222022222220
0111111111111111000000000010000000000000000000222222220222222220
0111111111011111011000000000000002000000000000002222222222022222
0111111111011111001100000000000000000000022000002022222202222222
0111111111011111001100000000000000000000022000000222222202222222
0111111111011111001000000010000000000000000002222222220022222220
0111111110111111011000000000000000000000022000000222222222022222
0111111110111111011000000000000000000000000000222222222022222220
0111111110111111001000000010000000000002000000022222220222222220
0111111101011111011100000000000000000000022000002222222202022222
0111111100111111011000000010000000000002000000022222222222222200
0111111100011111011100000010000000000002000000222222220222222200
0111000011111000000011110000011120000000220022222222222200000000
0111000011111000000010110000111120000000220222222220222200000000
0111000011110000000011110000111120000000222222222200222200000000
0111000011100000000111110000111122000000220222222200222200000000
0110000011111000111111000000000000002022222220222222200000000000
0110000011111000111110000000010000002222222200222222200000000000
0110000011111000111110000000000000001222222202222222000000000000
0110000011110000111111000000000000002222222200222222000000000000
0110000011110000111110000000010000002222222220222220000000000000
0110000011110000111110000000000000021222220220222220000000000000
0110000011110000111100000000100000022222220020222220000000000000
0110000011110000111100000000000000012222220220222200000000000000
0110000011110000111000000000100000022222220200222200000000000000
0110000011110000111000000000000000012222222200222000000000000000
0110000011100000111100000000000000022222220200222000000000000000
0110000011100000111000000001000000222222200200222000000000000000
0110000011100000111000000000000000122222220200220000000000000000
0110000011000000111100000000000000222222200200220000000000000000
0110000010111111011111110000000000000000022222222220222202020000
0101000011110000000111110000111122000000222222222000222200000000
0101000011110000000111110000101122000010222220222000222200000000
0100000011111000011111110000000000000222222202222022000000000000
0100000011111000011111100000001000000222222222222020000000000000
0100000011111000011111100000000000022222222200002202000020000000
0100000011111000011111100000000000002221222220222020000000000000
0100000011111000000111110000101122000010222222222000202200000000
0100000011111000000110110000111122000020222222202000202200000000
0100000011111000000110010000111122000000222222202000202200000000
0100000011111000000110010000111022000001222222222000202000000000
0100000011111000000110010000101022000011222222202000202000000000
0100000011111000000110010000100022000020222220012000202000000000
0100000011111000000110010000100022000011222222002000202000000000
0100000011111000000110010000000022000120222220022000200000000000
0100000011100000111000000010220022220000000020000000000000000000
0100000011100000101000000010220020220000000020000000000000000000
0100000011100000100000000011220020200000000020000000000000000000
0100000011100000100000000002220021000000000020000000000000000000
0100000011100000000000000102220021020000000000000000000000000000
0100000011011111111111110000000000000000222222222222222000000020
0100000011011111111111110000000000000000222222222222202200000200
0100000011011000001110010000000022000220222200022000200000000000
0100000011002000110000000000002200000200222000002000000000000000
0100000011000000001000000202220001020000000000000000000000000000
0100000011000000000000000122220001000000000000000000000000000000
0100000010020000000000000101220001000000000000000000000000000000
0100000010002000111000200000002000000200222000002000000000000000
0100000010000000001200000102220001000000000000000000000000000000
0100000001111000111111100000000000022222222220002200000020000000
0100000001111000111111100000000000002222222220022020000000000000
0100000001011000011110010000000022000220222220022000000000000000
0100000000011000111110010000000022000222222220002000000000000000
0011111111111111011000000000000002000000020000002202222222022222
0011111111111111011000000000000000000000222000000022222222022222
0011111111111111011000000000000000000000002220002202202222022222
0011111111111111011000000000000000000000000002222222220022222220
0011111111111111010000000001000002000000020020002200222222022222
0011111111111111001100000000000000000000022200000202222202222222
0011111111111111001000000100000000000000222000002022222202022222
0011111111111111001000000010000000000000000002222222220222222200
0011111110111111111000000000000000000000002220002222202222002222
0011111110111111111000000000000000000000000002222222222022222020
0011111110111111110000000100000000000000022220000222202222002222
0011111110111111101000000100000000000000222000002222222200022222
0011111101111111110000000001000002000000020022002200022222022222
0011111101111111101100000000000000000000022200000222222200222222
0011111101111111101000000010000000000020000000222222220222222200
0011111101111111011100000000000000000000022200002222022202022222
0011111101101111011110000000000000000000222200000222022202022222
0011111101011111011100000010000000000022000000202222220222222200
0011111100111111111100000000000000000000022220000220222200222222
0011111100111111111000000100000000000000222200002202222200022222
0011111100111111111000000010000000000020020000220222220222222200
0011111100111111111000000001000002000000020022002200222222022022
0011111100111111110000000101000000000000222202002202022200022222
0011111100111111110000000101000000000000222200002222222200002222
0011111100111111110000000100000000010000222202002202222200020222
0011111100111111110000000100000000001000222200022222222000002222
0011111100111111110000000100000000000000222100222222220000002222
0011111100111111110000000100000000000000221202002222222200000222
0011111100111111101000001010000000000020022000220022220222222200
0011111100111111101000000010000001000020022000220022222222222000
0011111100101111111110000000000000000000022222000220022200222222
0011111100101111111000000100000000000000222202002220222200000222
0011111100011111111100000010000000000022000000202222222222222000
0011111100011111111100000001000002000000020022002220222222002022
0010111100111111111100000010000000000022000000222222222022222000
0010111100101111111110000010000000000022000002222222202022222000
0010000011111111011111110000000000000000222222220220222202020000
0010000011100000111100000000000002222222000200220000000000000000
0010000011100000111000000000100202222220000200220000000000000000
0010000011100000110000000010200202202220000200220000000000000000
0010000010111111111111110000000000000000222222222220222200020000
0001111111111111111000000000000000000000000022222222202022222020
0001111111111111110000000100000000000000022220000222222222000222
0001111111111111100000001100000000000000222220000022222222000222
0001111111110111111100000000000000000000000022222222222022220020
0001111101111111110000001100000000000000222220000222222202000222
0001111101111111110000001000000010000000222220002222222200000222
0001111101111111110000000100000000000000222200222202220000002222
0001111101111111101000000010000001000020022000220222222222022000
0001111101111111011110000000000000000000222200002222022200022222
0001111101111111010000001100000000000000222200222202222000002220
0001111101111111001000000110000001000020022000222222222202022000
0001111101111111001000000110000000000020021002222222220202022000
0001111101111101011111000000000000000000222200002222222200022022
0001111101111100011111100000000000000000222200022222222000022022
0001111101101111111110000000000000000000022222000220222200222022
0001111101100111111111000000000000000000022222000222222200220022
0001111101011111111100000001000002000000020022002222222222000022
0001111101011111011100000101000002000000020022022222222022000022
0001111101011111011100000001000002100000020022022222222222000020
0001111101011111011100000001000002000000020122022220222222000020
0001111101011110011100100001000002000000020222022220022222000020
0001111100111111111000001000000020000000202220002222222200000222
0001111100111111111000000100000000000000222202022220220200000222
0001111100111111110000001100000000000000222200222202222200002200
0001111100111111011000000110000000000020022002222220220202022000
0001111100111111001000001110000000000020022002222222220202020000
0001111100111111000000001111000200000000022002222222220202020000
0001111100111111000000001011000210000000022022222222200202020000
0001111100111111000000001010000220100000002022222222200202020000
0001111100111111000000001000000220110002002022022222200202020000
0001111100111111000000001000000220100002001022222222200002020000
0001111100111110000000101000000220100002002022222220200002020000
0001111100111100111111100000000000000000222200222222202000022022
0001111100011111111100001000000020000000202220022222222000000222
0001111100011111111100000100000000000000222202022220222200000022
0001111100011111111000001100000000000000222202222202022200002200
0001111100011111111000000100100000000000222222022220022200000022
0001111100011111111000000100000000000100222222222220002200000022
0001111100011111110000001110000000000000222222222200022200002200
0001111100011111011100001100000020000000202220022222222200000220
0001111100011111011100001000000010000000222220020222222200000220
0001111100011111011000001100000000000102222222202220002200000022
0001111100011111010000001101000000000202222222002220002200000022
0001111100011111010000001100000000001202222222022220000200000022
0001111100011111010000001000000010002202222220022220000200000022
0001111100011111010000000000000021002202202220022220000200000022
0001111100011111001100001100000020000000202220020222222200000220
0001111100011111001100001000000010000000202222020222220200000220
0001111100011111000100001100000010000000202222220222220000000220
0001111100011111000000001100100010000000202222220222220200000200
0001111100011111000000001000100011000000202222220222222200000000
0001111100011111000000000000100011000000002222220222222200000000
0001111100011111000000000000000011000100002220220222222200000000
0001111100011111000000000000000010000200001200220222222200000000
0001111100011111000000000000000000000200102200220220222200000000
0001111100011110111100100001000002000000020222222220002222000020
0001111100010111000001000000000000000200202200220020222200000000
0001111100001111111000001110000000000000222222222200222200002000
0001111100001111011000000000000022002202002220022220000200000022
0001111100001111001000000100000022002202202220020220000200000022
0001111100001111001000000000000012002202202220220220000000000022
0001111100001111001000000000000002002202212220220020000000000022
0001111100000111000011000000000000000200202202220020202200000000
0001111000111111000000101000000220100002002022222222200002000000
0001111000111111000000101000000220000002012222222222000002000000
0001111000111111000000100000000221000002022222220222000002000000
0001111000111111000000000000000121000202022222020222000002000000
0001111000111111000000000000000022000212020222020222000002000000
0001111000111101111111100000000000000000222200222222222000022002
0001111000111100111111110000000000000000222220222222202000022002
0001111000110111000001000000000022000222020222000222000002000000
0001111000110110000001100000000022000222022222000220000002000000
0001111000100110000011100000000022000222022222002220000000000000
0001111000011111111100100001000002000000022222222200002222000020
0001111000000110000111100000000022000222222222002020000000000000
0001110000111101111111110000000000000000222222222222200000022002
0001110000111101101111110010000000000000222222222222220000020002
0001110000011101111111110010000000000000222222222222220200020000
0001100000011111111111110010000000000002222222022222220200020000
0001100000011111011111110110000000000002222222222222220000020000
0001100000011111001111111110000000000022222222202222220000020000
0001011100001111000011000000000000000200202222220020002200000000
0001011100000111000111000000000002000200002222220020002200000000
0001011100000111000011000000100002000200022222220000002200000000
0001011100000111000011000000000002000102022222200000002200000000
0000111111111111111100000000000000000020000022202222222022220020
0000111111101111111110000000000000000020000022202222222222220000
0000111111101111111100000001000000000020000022222222222022220000
0000111101110111111111000000000000000000222222000022222200220022
0000111101110110111111100000000000000000222222000222222200020022
0000111101101111111110000010000000000022020002222022202022222000
0000111101101111111100000011000000000022020002222222202002222000
0000111100011111111000001110000000000000222222222202222200000000
0000111100011111110000001111000000000002222222202202222200000000
0000111100011111001000000000000002002202222220220000000000000022
0000111100011011001000100000000002002222222220200000000000000022
0000111100010011001001100000000022002222022220200000000000000022
0000111100001111111000001111000000000002222222222202222000000000
0000111000111111111100100001000002000000022222222200022222000000
0000111000111111111100100000000002100000222222220200022222000000
0000111000111111111100000000000102200000222022220200022222000000
0000111000101111111110000000000102200000222022220220022220000000
0000111000001110000111100000000022002222222220002020000000000000
0000111000001100000111110000000022022222222200002020000000000000
0000101000001110000111110000000022222222222000002020000000000000
0000100000111111001111111110000000000222222222002222220000020000
0000100000111111001111101110001000000222222222202222200000020000
0000100000111111001111100110002001000220222222202222200000020000
0000100000111111001110100110001001000222222222002222200000020000
0000100000111111001110100110000002000221022222002222200000020000
0000100000111011001111100110000002002221022220002222200000020000
0000100000111011001111100100000001002221022222002222000000020000
0000100000001111000111110000000022222222222200002000000000000000
0000100000001111000111010000000122222220222200002000000000000000
0000011111111111111100000001000000000020000222222222022022220000
0000011111111011111110000001000000000022000222202222022022220000
0000011101111111111100000011000000000022020022222220202002222000
0000011101111110111111100000000000000000222222200222220200020022
0000011101111100111111110000000000000000222222200222222200020020
0000011101111011111110000011000000000022022022222200202002222000
0000011100011111111000001111000000000022222222202202222000000000
0000011100010111111100001111000000000022222222222202220000000000
0000011100010111001001100000000022002222022220200000002000000020
0000011100010011111100101111000200000002222222222202220000000000
0000011100010011111100001111000100000022222222202202220000000000
0000011100010011111100001111000002000012022222202202220000000000
0000011100010011111100001101000001000022022220202202220000000000
0000011100010011111000001111000001000022022222202202200000000000
0000011100010011111000001101000001120022022022202202200000000000
0000011100001111000011000000000002000202022202200000002200000000
0000011100001101000011100000000002000202022202220000002000000000
0000011100000111001011100000000022002222022222200000000000000020
0000011100000111000011100001000022002222022222200000020000000000
0000011100000111000010100001100022000222022222200000020000000000
0000011100000111000010100000100022001222022220200000020000000000
0000011100000111000010100000000022001122022222200000000000000000
0000011100000111000000100001000022001222022202200000000000000000
0000011100000111000000100000000022001222022002200000000000000000
0000011100000101000000110000000022002222022000200000000000000000
0000011100000011111100001101000001120022022222202202000000000000
0000011100000011111100001100000001120022002222202202000000000000
0000011100000011111100001100000001020022012222202002000000000000
0000011100000011111100001100000000020022021222200002000000000000
0000011100000001000001110000000022022222020000200000000000000000
0000011100000001000000110000001022222222000000200000000000000000
0000011100000001000000100000001022222220000000200000000000000000
0000011100000001000000000000011022222200000000200000000000000000
0000011001111101111111110000000000000000222222220222220200020020
0000011001111101111111100000001000000000222222220222222200020000
0000011000111111111110000000000102200000222022222220022200000000
0000011000111101111111000000000102200000222222222200022200000000
0000011000001111000011100000000002000222022202200000002000000000
0000011000001110000011110000000002000222022202220000000000000000
0000011000000110000111110000000002002222022200220000000000000000
0000011000000011000000000000012022222000000000200000000000000000
0000010000000111000111110000000002202222022000220000000000000000
0000010000000111000000000000022022220000000000200000000000000000
0000010000000110000000100000022022220002000000000000000000000000
0000010000000110000000000200002202221000000000000000000000000000
0000010000000110000000000000012222220000000000000000000000000000
0000001111111111111110000001000000000022000222202222222022200000
0000001111111011111111000001000000000022000222222222220022200000
0000001101111111111110000011000000000022022022222200222002220000
0000001101111011111111000011000000000022022022222202222002200000
0000001101111011011111000111000000000022022222222202022002200000
0000001100020001000000000010000010000110100000000000000000000000
0000001100000111111100001100000000020022022222200000000000000000
0000001100000011111100101100000000020222022202200000000000000000
0000001100000001111100111100000000022222022200200000000000000000
0000001100000001111100011100000100022220022200200000000000000000
0000001100000001111100011100000000222210022000200000000000000000
0000001100000001111100011000000010222212022000000000000000000000
0000001100000001111100010000000011222212020000000000000000000000
0000001100000001111000010010000021222212000000000000000000000000
0000001100000001101000010010000021202212000000000000000000000000
0000001100000001001000010110000001202212000000000000000000000000
0000001100000001000020000010000011000110000000000000000000000000
0000001100000001000000010110000001002212000000000000000000000000
0000001100000001000000000110020001000110000000000000000000000000
0000001100000001000000000110001001002210000000000000000000000000
0000001001111111111111100000001000000020222222200222222200020000
0000001001111101111111110000001000000020222222220222222000020000
0000001001111101111111110000000000000021222222200222222000020000
0000001000111111111111000000000102202000222202222200022200000000
0000001000111111111110000000001102222000222002222200022200000000
0000001000111111111010000010001102222000222022222200002200000000
0000001000111111111010000010001002222010222022202200002200000000
0000001000111111111010000000001001222020222020202200002200000000
0000001000011111111110000000001002222020220020202200002200000000
0000001000011111111110000000000002222120220000202200002200000000
0000001000011111111110000000000002222020222000102000002200000000
0000001000011101111111000000000002222020222000202000002000000000
0000001000011100111111100000000002222020222000222000000000000000
0000000111111111111111000001000200000002000222222222220022200000
0000000111111110111111010001000200000002002222222220220022200000
0000000111111100111111110001000200000002002222222222220022000000
0000000111111100111111010001000100000002022222220222220022000000
0000000111111100111111000001001100000002022222222222220020000000
0000000111111100111110000001001100000000022222222222220020000000
0000000101111111011111000111000000000022022222222222022002000000
0000000101111111011011000111100000000022222222220222022002000000
0000000101011111011111000111100000000022222222222222022000000000
0000000100011111111111000111100000000222222222022222022000000000
0000000100011111111111000111000000000122222222222222002000000000
0000000100011110111111100111000000000222222202222222002000000000
0000000020000000000000110001000020001000000000000000000100000000
0000000020000000000000102000000100200011000000100000000000000000
0000000011111111111111110000000000000000222222222222222200000000
0000000011111111111111100000001020000000022222222222222200000000
0000000011111111111111100000001000020000222202222222222200000000
0000000011111111111111100000001000000020222220222222222200000000
0000000011111111111111100000000000020020222222102222202200000000
0000000011111111111111100000000000020001222222222222202200000000
0000000011111111111111100000000000000021222222222222202200000000
0000000011111111110111102100001000000000022222222222222200000000
0000000011111111100111101100001000000200022220222222222200000000
0000000011111111100111101100000000000201022222222222202200000000
0000000011111111100111101100000000000200222222122022202200000000
0000000011111111011111110000000000000200222222222222222000000000
0000000011111110111111110000000000020020222222202222202000000000
0000000011111110111111110000000000000022222222022222202200000000
0000000011111110111111100000001000020020222222222222200000000000
0000000011111110111111100000001000000022222222222222202000000000
0000000011111110111111100000000000020120222220222222200000000000
0000000011111110111111100000000000000221222220222222202000000000
0000000011111110111110000001001100000000222222222022220020000000
0000000011111110111101100001000000020220222200222222200000000000
0000000011111110011111100100000000000222222220022222202000000000
0000000011111110001111110000000000002222222222022222000000000000
0000000011111100111111110000000000000222222220022222202000000000
0000000011111100111111100000000100000222222220222222200000000000
0000000011111100111111100000000000000212222222222222000000000000
0000000011111100111111000001001100000000222222222222220000000000
0000000011111100111111000001001000000010222222202222220000000000
0000000011111100111101100001000000000222222222202222000000000000
0000000011111100111101100000000000001222222220202222000000000000
0000000011111010111111100001000000020220222202222222000000000000
0000000011111010111110100001010000020220222222222220000000000000
0000000011111000111111100001010000020222222222202220000000000000
0000000011111000111111100001001000000020222220202222220000000000
0000000011111000111111100001000000021222222202202220000000000000
0000000011111000111111100000000000222222222020002200000020000000
0000000011111000111111100000000000022222222020022020000000000000
0000000011111000111111100000000000021222222200202220000000000000
0000000011111000111111100000000000002222222020202222000000000000
0000000011111000111111000001011000000020222222202222200000000000
0000000011111000111111000001010000000120222222002222200000000000
0000000011111000111111000001000000002110222220002222200000000000
0000000011111000111111000000010002222222220020002200000020000000
0000000011111000111111000000010000022222222220022000000000000000
0000000011111000111111000000010000022222222000202220000000000000
0000000011111000111111000000010000002222222220202220000000000000
0000000011111000111111000000000000001110222222002222000000000000
0000000011111000111111000000000000001020222210002222000000000000
0000000011111000111111000000000000000020222120002220000000000000
0000000011111000111110000000011000022022222000202220000000000000
0000000011111000111101000000010002220222220020002200000020000000
0000000011111000111101000000010000020222222220022000000000000000
0000000011111000111101000000010000000222222220202220000000000000
0000000011111000111101000000000002220212222020002000000020000000
0000000011111000111101000000000000021222222200022000000000000000
0000000011111000111100000000120000000202222220202220000000000000
0000000011111000111100000000100000022222222000022000000000000000
0000000011111000111100000000020000000122222220002220000000000000
0000000011111000111100000000011000020022222000202220000000000000
0000000011111000111011000010000000000020222220002200000000000000
0000000011111000111010000010100000200020222020002200000000000000
0000000011111000111000000000120000000222222200002220000000000000
0000000011111000111000000000100000002222222000022000000000000000
0000000011111000111000000000000002002122220000022000000000000000
0000000011111000110101000001000002222212222000002000000020000000
0000000011110000111110000010100000220020222000002200000000000000
0000000011110000111110000000012000020020222000202220000000000000
0000000011110000111100000000012000020000222000202220000000000000
0000000011110000111100000000000022002122200000022000000000000000
0000000011110000111010000010100000200020222000002200000000000000
0000000011110000111000000011102000200000222000002200000000000000
0000000011110000111000000010012000020002222000002220000000000000
0000000011110000111000000010002000021002222200002200000000000000
0000000011110000110111000001000002222212222000002200000000000000
0000000011110000110111000000000022221212022000002200000000000000
0000000011110000110110000000100222221210022000002200000000000000
0000000011110000110100000100020022000122200000022000000000000000
0000000011110000110010000000100222221010022000002200000000000000
0000000011110000110010000000000222211010222000002000000000000000
0000000011110000110000000200000222011010220000002000000000000000
0000000011110000110000000110002000022002222000002200000000000000
0000000011110000110000000010200202202222000200200000000000000000
0000000011110000110000000000100222221010220000002000000000000000
0000000011110000010000000100000222211010200000002000000000000000
0000000011102000111100000000000012000122200000022000000000000000
0000000011100000111102000100000022000122200000022000000000000000
0000000011100000111000000110002000222002202000002200000000000000
0000000011100000111000000100002000212002222000002000000000000000
0000000011100000110100000020200200202222000200200000000000000000
0000000011100000110000000020102200202022000200200000000000000000
0000000011100000110000000020002200202122000200000000000000000000
0000000011100000101000001100002000222002220000002000000000000000
0000000011100000100000000012002200200122000200000000000000000000
0000000011100000011000000200000222011010200000002000000000000000
0000000011100000010000002100000220011010200000002000000000000000
0000000011100000000000001200000200011010200000002000000000000000
0000000011011111110111101100000000000200222222222022202000000000
0000000011011110011111110000000000022222222202022222000000000000
0000000011011110011110110000010000022222222222022220000000000000
0000000011011110011100110001020000020222222222022220000000000000
0000000011011110011100010001010000220222220222022220000000000000
0000000011011100011100110001010000220222222222022200000000000000
0000000011011100011100110001000000221222222220022200000000000000
0000000011011100011100110000000000221222222020022200000000000000
0000000011011100010100110010000002221222202020022200000000000000
0000000011011100010100110000000002211222222020020200000000000000
0000000011011100010100010000000102221222220020020200000000000000
0000000011011100010100010000000002221212222020020000000000000000
0000000011011000111100000000220000000022222200002220000000000000
0000000011011000111000000000122000000020222200002220000000000000
0000000011011000110000000001122000002020222000002220000000000000
0000000011011000010110010000000002221222222020000000000000000000
0000000011011000010110000000000122221222022020000000000000000000
0000000011010000111100000011102000220000220000002200000000000000
0000000011010000111000000011102000200000220000002200000000000000
0000000011010000110000000111102002200000020000002200000000000000
0000000011010000100000000111102000200000020000002200000000000000
0000000011002000111000200000022000000000222000002000000000000000
0000000011002000110000200100022020000000202000002000000000000000
0000000011002000100000201200022000000000202000002000000000000000
0000000011002000000000000100002201200122000000000000000000000000
0000000011001111111111101100000000000220222222202022202000000000
0000000011001110111111111100000000000220222222222022200000000000
0000000011001110111110111100010000000222222222202022200000000000
0000000011001110111110111100000000001222222022202022200000000000
0000000011001110111110111000000000102222222020202022200000000000
0000000011001110111110101000001000102222222022202022000000000000
0000000011001100111111101000001000202222202022202022000000000000
0000000011001100111111101000000000202221202222202002000000000000
0000000011001100111111100000000010202222202222002002000000000000
0000000011001100111111100000000000222222210222002002000000000000
0000000011001100111111000000001000222222220222000002000000000000
0000000011001100111110000000001000222220220222000002000000000000
0000000011001100111110000000000020222120200222000002000000000000
0000000011001100111100000000100020222220200202000002000000000000
0000000011001100111100000000000020212220200222000000000000000000
0000000011001100011100001000000020222220200202000000000000000000
0000000011001000111000000001122000002020222200002200000000000000
0000000011001000111000000000122200001000222200002200000000000000
0000000011001000110000000002022200000000221000002200000000000000
0000000011001000110000000001122200002000222000002200000000000000
0000000011001000110000000001022200012000220000002200000000000000
0000000011001000011110001000000220222200200202000000000000000000
0000000011000002000000000100000001211000000000000000100000000000
0000000011000000111000001100002020222002200000002000000000000000
0000000011000000110100000002022200000000222000002000000000000000
0000000011000000110000001100002020022002200000002000000000000000
0000000011000000110000001000002010022002220000000000000000000000
0000000011000000110000000012022200200000220000002000000000000000
0000000011000000110000000012002200220122000000000000000000000000
0000000011000000110000000002022201200000200000002000000000000000
0000000011000000101000000112102000000000020000002200000000000000
0000000011000000100020000000102000110000000000002200000000000000
0000000011000000100000000111102000200000000000002200000000000000
0000000011000000100000000102022202200000000000002000000000000000
0000000011000000100000000012102000100000000000002200000000000000
0000000011000000100000000012002200200122000000000000000000000000
0000000011000000100000000002022202100000020000000000000000000000
0000000011000000010000001100002020022002200000000000000000000000
0000000011000000001000001200000202011010000000002000000000000000
0000000011000000000200000110002200200122000000000000000000000000
0000000011000000000000200100000001211000000001000000000000000000
0000000011000000000000001100000202011010020000000000000000000000
0000000011000000000000000102022202200000000000000000000000000000
0000000011000000000000000100000201211010000000000000000000000000
0000000010011000011110000000000222221202022020000000000000000000
0000000002000100000000000011000000010100000000010000000000000000
0000000002000000000001002000002220001110000000000000000000000000
0000000002000000000000002220000022000011020000100000000000000000
0000000002000000000000000000101100001100000000000000000000000000
0000000001111111111111110000000000000220222222202222222000000000
0000000001111111111111110000000000000022222222000222222000020000
0000000001111111011111110100000000000220222222222222220000000000
0000000001111111011111110100000000000022222222200222220000020000
0000000001111110111111100100000000000222222220222222200000000000
0000000001111100111111110100000000000222222222222222000000000000
0000000001111100111111010100000100002222222220222222000000000000
0000000001111100111110010100100100022222220220222222000000000000
0000000001111100111110010100100000022212222220222022000000000000
0000000001111100111110010100000000022122222220202022000000000000
0000000001111000111110110100000000022222222220002022000000000000
0000000001111000111110110000000000122222222020002022000000000000
0000000001111000111110110000000000022222222120002020000000000000
0000000001111000011110110100000000022222222220002000000000000000
0000000001111000011110110000000000122222222020002000000000000000
0000000001110000011111110000000000222222202020002000000000000000
0000000001110000011111100000000100222222222020000000000000000000
0000000001110000011111100000000002222212220020000000000000000000
0000000001110000011110100000001002222210220020000000000000000000
0000000001110000011110000000012002222010220020000000000000000000
0000000001110000011100000001012022222010020020000000000000000000
0000000001100020010000000001000022001110020000000000000000000000
0000000001100000011110000001012022222210020000000000000000000000
0000000001100000010110000001012022220210020000000000000000000000
0000000001100000010010000001112022200210020000000000000000000000
0000000001100000010002000001010022000110020000000000000000000000
0000000001100000010000000001112022000210020000000000000000000000
0000000001020000110000000000102000110000000000002200000000000000
0000000001001000111110001000000222222200000202000000000000000000
0000000001001000110110001100002222222000000202000000000000000000
0000000001001000100110001100002220222000000202000000000000000000
0000000001001000100100001100012220220000000202000000000000000000
0000000001001000100100001100002220221000000002000000000000000000
0000000001000000110000001200002000022002200000000000000000000000
0000000001000000010000001100002002022002000000000000000000000000
0000000001000000010000000202022202000000000000000000000000000000
0000000001000000000000001100002000022002000000000000000000000000
0000000001000000000000000100002210022000000000000000000000000000
0000000000201000000000000011012201010000000000000000000000000000
0000000000200000000000100212001000001000000000000000000000000000
0000000000111111111111110100000000000222222222202222220000000000
0000000000111111111111110100000000000222222222000222220000020000
0000000000111111011111111100000000002222222220202222220000000000
0000000000111111011111111100000000000222222222200222200000020000
0000000000111111001111111110000000002222222222202222200000000000
0000000000111111001111111110000000002222222220200222200000020000
0000000000111111001111111100000000012222222202202222200000000000
0000000000111111001111111100000000002222222212202222000000000000
0000000000111111001111100100000001002221222222000222000000020000
0000000000111111001111100100000000002221122222000222200000000000
0000000000111111000111100110000000002221222222000022200000000000
0000000000111111000111100100000000012221222202000022200000000000
0000000000111111000111100000000000202221201002000022200000000000
0000000000111111000111100000000000112221222002000022200000000000
0000000000111000111110010000000022002222222200002000000000000000
0000000000111000111110000000001022002220222200002000000000000000
0000000000111000111100000001002022002020222200002000000000000000
0000000000111000111100000000002022102020220200002000000000000000
0000000000111000111100000000002022022020210000002000000000000000
0000000000111000111000000001002022022020220000000000000000000000
0000000000110000111010000002002022020020220000000000000000000000
0000000000020000111000000000102000110000200000002000000000000000
0000000000011111111111100111000000000222222222222220002000000000
0000000000011111111111100110000000001222222220222220002000000000
0000000000011111011111111110000000002222222222200222000000020000
0000000000011111011111111100000000002222222222202220000000000000
0000000000011111011111111000000010022222222202202220000000000000
0000000000011111011111110110000001002222222222200222200000000000
0000000000011111011111110100000001002222022222200222200000000000
0000000000011111011111101110000000002222222020222220002000000000
0000000000011111011111101010000000102222222022222220000000000000
0000000000011111011111100010000010202222202022222220000000000000
0000000000011111011111010100000102002222020222200222200000000000
0000000000011111011111010000000112002222220222200022200000000000
0000000000011111011101100010100010202222202222222200000000000000
0000000000011111011101100010100000202222212222222000000000000000
0000000000011111001111111010000020022222202202202220000000000000
0000000000011111001111111000000020012222222202202200000000000000
0000000000011111001111110000000021022222220202202200000000000000
0000000000011111001111100000000000202221202002000020200000000000
0000000000011111001111000000001000202221222002000000200000000000
0000000000011111001111000000000000202121222022000000000000000000
0000000000011111001110110000100022022222020202202200000000000000
0000000000011111001110000000010000202221222002000000000000000000
0000000000011111001110000000000000222211220002000000000000000000
0000000000011111001100000000100000222221220000000000000000000000
0000000000011111001010110000100022002222020202202200000000000000
0000000000011111000111010000000222222200222200002000000000000000
0000000000011111000101010000010222222000222200002000000000000000
0000000000011111000100000001100000022221220000000000000000000000
0000000000011111000100000000100020021221200000000000000000000000
0000000000011111000000000000100020001221200000000000000000000000
0000000000011110111111100000000002222022222000202000000000000000
0000000000011110011111110000000122002222200222200022200000000000
0000000000011110011111110000000022002212202222200002200000000000
0000000000011110011110110000100022002222202220200002200000000000
0000000000011110011110110000000022012222200220200002200000000000
0000000000011100111111110000000022222022202000202000000000000000
0000000000011100111111100000001022222022222000200000000000000000
0000000000011100111110100000001022222020222000200000000000000000
0000000000011100111100100001001022220020222000200000000000000000
0000000000011100110100100001001022020020222000200000000000000000
0000000000011100011111110000000022022222200200200002200000000000
0000000000011100011111100000001022022222200202200002000000000000
0000000000011100011111100000000022022221200222200000000000000000
0000000000011100001111100010000022022222200222000000000000000000
0000000000011100001111100000000021222222200022000000000000000000
0000000000011100001111000000010022222222000022000000000000000000
0000000000011100001111000000000222221220000022000000000000000000
0000000000011100000111000010000222222220000020000000000000000000
0000000000011100000111000000200221222020000020000000000000000000
0000000000011100000101000001200221022020000020000000000000000000
0000000000011100000100000001100221022220000000000000000000000000
0000000000011100000100000001020221012200000000000000000000000000
0000000000011000111110000000002222221200022020000000000000000000
0000000000011000111010000000102222221000022020000000000000000000
0000000000011000110101100001001022020022222000000000000000000000
0000000000011000110100100001001022020020222000000000000000000000
0000000000011000101010000010102222201000022020000000000000000000
0000000000011000000110000002020221010200000000000000000000000000
0000000000011000000100000001022221010000000000000000000000000000
0000000000011000000000002011022201010000000000000000000000000000
0000000000010000111110000002002222020000220000000000000000000000
0000000000010000110110100001001022220020220000000000000000000000
0000000000010000110100100001001022020020220000000000000000000000
0000000000010000110000100001101022000020220000000000000000000000
0000000000010000110000000001101122000000220000000000000000000000
0000000000010000100000001001101102000000220000000000000000000000
0000000000010000100000000001101121000000200000000000000000000000
0000000000002000010000000100022202000000000000000000000000000000
0000000000001111011111100010100000202222222222220000000000000000
0000000000001111011111100010000000212222222022220000000000000000
0000000000001111011111100000000000212222222002220000000000000000
0000000000001111001110110000200022002022020202202200000000000000
0000000000001111001010110000100022022022020002202200000000000000
0000000000001111001010110000000022012022022002202000000000000000
0000000000001111001000110000100022022022020002202000000000000000
0000000000001111000111110000000002222222020000220000000000000000
0000000000001111000111010000020222220000222200002000000000000000
0000000000001111000100000000200020001021200000000000000000000000
0000000000001111000011110000100022222222000000220000000000000000
0000000000001111000011100000201022222022000000220000000000000000
0000000000001111000010100000102022222020000000220000000000000000
0000000000001110011111110000000000222222220002220000000000000000
0000000000001110011111100000000102222222020002220000000000000000
0000000000001110011111000000000102222202020002220000000000000000
0000000000001110000010110000202022202020000000220000000000000000
0000000000001110000000002200002200221000000000000000000000000000
0000000000001101001001110000200022002022020002202000000000000000
0000000000001101001000110000100022002022220002200000000000000000
0000000000001101001000010000110022000022220002200000000000000000
0000000000001101001000010000100022000212220002000000000000000000
0000000000001101001000010000000022000122220000000000000000000000
0000000000001101001000000000001022000120220000000000000000000000
0000000000001100011111100000000122222202000002220000000000000000
0000000000001100011111100000000022222212000002200000000000000000
0000000000001100010111100001000022222222000000200000000000000000
0000000000001100010101100001000022022222000000200000000000000000
0000000000001100010001100002000022010022000000200000000000000000
0000000000001100010001100001100022022022000000200000000000000000
0000000000001100001000010000001222000100220000000000000000000000
0000000000001100000001002202002200201000000000000000000000000000
0000000000001100000000002222001200001000000000000000000000000000
0000000000001011000111010000000222220000222200002000000000000000
0000000000001011000110010000100222222000222000002000000000000000
0000000000001011000010010000100222202000222000002000000000000000
0000000000001011000000010001100222200000222000002000000000000000
0000000000001010000011110000202022202022000000020000000000000000
0000000000001010000001110000212022200022000000020000000000000000
0000000000001010000001110000202222200012000000020000000000000000
0000000000001010000001010000202122200022000000000000000000000000
0000000000001010000000010000201222200002000000000000000000000000
0000000000001010000000000000201222200000000000000000000000000000
0000000000001001000000110002100222000000222000002000000000000000
0000000000001000110100001100002220222000000000000000000000000000
0000000000001000110000001110002220022000000000000000000000000000
0000000000001000101110000010102222201200022000000000000000000000
0000000000001000101100000010112222201000022000000000000000000000
0000000000001000101000000010112220201000022000000000000000000000
0000000000001000101000000000112221201000002000000000000000000000
0000000000001000020010000011022201010000000000000000000000000000
0000000000001000010000001110002200022000000000000000000000000000
0000000000001000010000001100022200010000000000000000000000000000
0000000000001000001000110000001022000100220000000000000000000000
0000000000001000001000001000112222201000000000000000000000000000
0000000000001000000000110200000000000110220000000000000000000000
0000000000001000000000110100001020000100220000000000000000000000
0000000000001000000000110002100022000000222000002000000000000000
0000000000001000000000110002000022210000202000002000000000000000
0000000000001000000000102222001000001000000000000000000000000000
0000000000001000000000002002102220001010000000000000000000000000
0000000000001000000000002001112220201000000000000000000000000000
0000000000000111000100000000000020001021200000000000000000000000
0000000000000110000100100000020020001001200000000000000000000000
0000000000000100200000000011000000010110000000000000000000000000
0000000000000100010101100000000022010022000000200000000000000000
0000000000000100010101000000000122010002000000200000000000000000
0000000000000100010101000000000022010012000000000000000000000000
0000000000000100010100000000001022010010000000000000000000000000
0000000000000100000100000010001020010010000000000000000000000000
0000000000000100000000002011001000010010000000000000000000000000
0000000000000020000000000100002211002000000000000000000000000000
0000000000000010000100100000000020001001200000000000000000000000
0000000000000010000001000200201222000000000000000000000000000000
0000000000000002110000000001000222210000200000000000000000000000
0000000000000002010000001100021000010000000000000000000000000000
0000000000000002000000000220000020000011000000000000000000000000
0000000000000000200000110001000020001000000000010000000000000000
0000000000000000200000102000000100200111000000000000000000000000
0000000000000000111110000000002222020000220000000000000000000000
0000000000000000111100000000102222220000200000000000000000000000
0000000000000000111000000000102222200000200000000000000000000000
0000000000000000110000200001100222200000200000000000000000000000
0000000000000000100010000001101122000000000000000000000000000000
0000000000000000100002000000002211002000000000000000000000000000
0000000000000000100000000100202210002000000000000000000000000000
0000000000000000020100100222001000001000000000000000000000000000
0000000000000000011200000200022202000000000000000000000000000000
0000000000000000010001021100022000010000000000000000000000000000
0000000000000000002001002000102220001010000000000000000000000000
0000000000000000002000002220000022000111020000000000000000000000
0000000000000000002000000000111100001000000000000000000000000000
0000000000000000000100110000000022001001000000000000000000000000
0000000000000000000010000101101120000000000000000000000000000000
0000000000000000000001110200000020000110020000000000000000000000
0000000000000000000001110002000022220000200000002000000000000000
0000000000000000000001100022000122200000200000002000000000000000
0000000000000000000001002022000102200010220000000000000000000000
0000000000000000000001000200001222000000000000000000000000000000
0000000000000000000001000022010122200000220000000000000000000000
0000000000000000000000200220001020000010000000000000000000000000
0000000000000000000000112200001000000110020000000000000000000000
0000000000000000000000112200000000200111000000000000000000000000
0000000000000000000000110201000020001001000000000000000000000000
0000000000000000000000002222000122000110020000000000000000000000
0000000000000000000000002022001122200010020000000000000000000000
0000000000000000000000000220011220000000000000000000000000000000
0000000000000000000000000201111100000000000000000000000000000000
1111111111111101000001000000000000000000020000002022222222222222
1111111111111100000001100000000000000000020000002222222220222222
1111111011111101000001100000000000000000220000000222222220222222
1111110011111111000001100000000000000000220000002222222200222222
1111110011111101000001110000000000000000222000002202222200222222
1111100011111111000001110000000000000000222000002222222200022222
1111100011101111000011110000000002000000202000002222222200022222
1111100011101111000001110000010002000000222000002022222200022222
1111100011101111000001110000000002201000220000002022222200022222
1111000011111111000001110000000002201000222000002002222200022222
1111000011101111000011110000000022201000022000002002222200022222
1110000011111111000011110000000022201000222000000002222200022222
1110000011111111000011110000000022200000222100000022222200002222
1110000011011111000111110000000022200000222200000002222200002222
1110000011001111001111110200000020200000222200000002222200002222
1110000011001111000111110100000022200000202200000002222200002222
1010000011101111000111110200000022000000202200000002222200002222
1000000011111111000111110200000022200000200200000002222200002222
1000000001111111010111110200000022200000202200000000222200002222
0000000011111111010111110200000022200000202200000002222200000222
0000000011111111000111111200000002200000202200000002222200000222
0000000001111111100111112200000000200000202200000002222200000222
0000000000111111100111112000000000200000202200000002222200000222
0000000000111111100110112000100020200000002200000002222200000222
0000000000111011100111112000100022200000000200000002222200000222
0000000000111011000111112100100020200000000200000002222200000222
0000000000011011001111112200100020000000000200000002222200000222
0000000000001011001111112000100020000000000200000002222200000222
0000000000001011200111110100100020000000000200000002222200000222
0000000000001011200110110200110000000000000200000002222200000222
0000000020000011000111110200110000000000000200000002222200000222
2000000000000011000111110200110000000000000200000002222200000222
1111111111111110000000010000000000000000002000002022222222222222
1111111011111111000000010000000000000000022000000022222222222222
1111111011111011000000110000000000000000022000000222222202222222
1111111011111011000000010000000100000000022000020222222002222222
1111110011111111000000010000000100000000022000020222222202222220
1111110011111011000000110000000100000000022000022222222200222220
1111100011111111000000110000000100000000022000222222222000222220
1111100011111011000001110000000100000000022000222222222200222200
1111100011111011000000110000001100000000022002222222202200222200
1111000011111111000000110000001100000000022002222222222200222000
1111000011110111000001110000001100000000222002222022222200222000
1110000011111111000001110000001100000000222002222222222200022000
1110000011111111000001110000001000000010222000222222222200022000
1110000011101111000011110000001000000020222000202222222200022000
1100000011111111000011110000001000000020222000222222222000022000
1100000011011111000111110000001000000020222002222222202000022000
1000000011111111000111110000001000000020222002222222222000020000
1000000011111111000011110001001000000020222022222222022000020000
1000000011111111000010110001101000000020222222222220022000020000
1000000011110111000011110001101000000020222222222220222000000000
1000000011110111000011110001100000000021222222202220222000000000
1000000011100111000111110001100000000022222222002220222000000000
1000000011000111001111110001100000000022222222202220220000000000
1000000011000111001111110001000000000122222222002220220000000000
1000000011000111001111110000000000100222222202002220220000000000
1000000011000111001111110000000000000222212202202220200000000000
1000000011000111001111100000000100000222222202202200200000000000
1000000011000111001111100000000000002212222002202200200000000000
1000000011000110001111110000000000002222222000202200200000000000
1000000001000110011111110000000000002222222002202200000000000000
0000000011000110011111110000000000022222220002202200000000000000
0000000011000110011111010000010000022222222002202000000000000000
0000000011000110011101010000010000020222222002202000000000000000
0000000011000110011101000000020100020202222002202000000000000000
0000000011000110011101000000020000020212222002002000000000000000
0000000011000100011101100000020000020222222000002000000000000000
0000000011000100011101000000010002020222202000002000000000000000
0000000011000100011001000010020002020202202000002000000000000000
0000000011000100011001000000020002010202222000000000000000000000
0000000011000100010001000100020002020202220000000000000000000000
0000000011000100010001000000020002120202200000000000000000000000
0000000001000100110001000000020022120202000000000000000000000000
0000000001000100110000000000120022100202000000000000000000000000
0000000001000100110000000000020222100100000000000000000000000000
0000000001000000110000100000020022100100000000000000000000000000
0000000001000000010000201000000022100100000000000000000000000000
0000000001000002010000000000000021100100000000000000000000000000
1111111111111101000001000000000000000000000000022222220222222222
1111111111111100000001100000000000000000000000222222220022222222
1111111011111101000001100000000000000000000000222222220222222220
1111110011111111000001100000000000000000000000222222222222222200
1111110011111101000001110000000000000000000002222222022222222200
1111100011111111000001110000000000000000000022222222002222222200
1111100011111011000011110000000000000000000022222222022222222000
1111100011110011000111110000000000000000000222222220022222222000
1110100011111011000111110000000000000000000222222222022222202000
1110100011101011001111110000000000000000002222222220022222202000
1110000011101111001111110000000000000000002222222222022222002000
1100000011111111001111110000000000000000022222220222022222002000
1100000001111111011111110000000000000000022222222222022202002000
0100000011111111011111110000000000000000222222220222022202002000
0100000010111111111111110000000000000000222222222222022200002000
0100000010111111111111100000001000000000222222222222222200000000
0000000011111111111111100000001000000020222222022222222200000000
0000000011111111111111100000000000000021222222222222222000000000
0000000011111110111111110000000000000022222222022222222000000000
0000000011111110111111100000001000000022222222222222220000000000
0000000011111110111111100000000000000221222220222222220000000000
0000000011111110011111100100000000000222222220022222220000000000
0000000001111110111111100100000000000222222220222222200000000000
0000000001111100111111110100000000000222222222222222000000000000
0000000001111100011111111100000000002222222220222222000000000000
0000000000111100111111111100000000022222222200222222000000000000
0000000000111100111111011100000100022222222220222220000000000000
0000000000111100110111011110000200022202222220222220000000000000
0000000000011100111111011110000200022222222220202220000000000000
0000000000011100111111011100000200212222202220202220000000000000
0000000000011100111111011000000210222222200220202220000000000000
0000000000011100111111011000000200222222210220202200000000000000
0000000000011100110111011100000200222222220220200200000000000000
0000000000011100110111011000000212222222200220200200000000000000
0000000000001100111111011000000212222222202220200000000000000000
0000000000001100111110011000001212222022202220200000000000000000
0000000000001100111110011000000212222221202220000000000000000000
0000000000001100111100011001000212022221202220000000000000000000
0000000000001100111000011011000212002221202220000000000000000000
0000000000000100111100011011000212022221202200000000000000000000
0000000000000100101100011011000210022221202200000000000000000000
0000000000000100101100010011000211022221002200000000000000000000
0000000000000100101100010001000211022221000200000000000000000000
0000000000000100100100010001000211020221000200000000000000000000
0000000000000100100100010000000211021221000000000000000000000000
0000000000000100100100000002001211001221000000000000000000000000
0000000000000100000100000102002211001021000000000000000000000000
0000000000000000000110000100002211001021000000000000000000000000
0000000000000000000100000100012211001001000000000000000000000000
0000000000000000000100020100002011001011000000000000000000000000
0000000000000020000000000100102011001011000000000000000000000000
1111111111111110000000010000000000000000002000002022222222222222
1111111111111100000000110000000000000000022000000022222222222222
1111111011111101000000110000000000000000022000000222222222022222
1111111011111101000000010000000100000000022000002222222220022222
1111110011111111000000010000000100000000022000022222222020022222
1111110011111101000000110000000100000000022000022222222220022220
1111100011111111000000110000000100000000022000222222202220022220
1111100011111111000000110000000000000001022200222222002220022220
1111100011111011000001110000000000000002022200022222002220022220
1111100011111011000001100000001000000002022200022222022220022020
1111100011111011000000100000001000000000022200022222022220022020
1111000011111111000000100000001000000000022200222222020220022020
1111000011111111000000000000001100000000022200222222022220022000
1111000011111110000000100000001100000000022200222222222220002000
1111000011111100000000110000001100000000222200220222222220002000
1111000011111000000001110000001100000000222200222222222200002000
1111000011111000000000110000011100000000222220222222202200002000
1111000011110000000001110000011100000000222220222222222200000000
1111000011110000000001110000011000000010222222222222220200000000
1111000011110000000001110000001000000010222222202222220200000000
1111000011110000000001110000000000000021222220202222220200000000
1111000011110000000001100000000100000022222220002222220200000000
1111000011110000000001000000000100000002222220002222220200000000
1110000011111000000001000000000100000002222220202222220000000000
1110000011101000000011000000000100000002222222202222200000000000
1110000011101000000011000000000000000012222222002222200000000000
1100000011111000000011000000000000000022222220002222200000000000
1100000011110000000111000000000000020022222020002222200000000000
1100000011100000001111000000000000020022222220002222000000000000
1100000011000000011111000000000000220022222020002222000000000000
1100000010000000111111000000000000220022222220002220000000000000
1100000010000000111101000001000000222022222200002220000000000000
1100000010000000111101000000000002221022220200002220000000000000
0100000011000000111101000000000002221022222200002200000000000000
0100000011000000111100000000100002222022222000002200000000000000
0100000011000000111000000000100002202022222000002200000000000000
0100000011000000110000000001102002202002222000002200000000000000
0100000011000000110000000000102202201000222000002200000000000000
0000000011100000110000000000102202221000220000002200000000000000
0000000011100000100000001000202202201000220000002200000000000000
0000000011000000110000002000202200201000220000002200000000000000
0000000011000000100000021000202000201000220000002200000000000000
0000000011000020100000001000202000200000220010002200000000000000
1111111110111111001000000000000000000000000000022222220222222222
0111111111111111001000000000000000000000000000022222222222222220
0111111111111111000000000100000000000000000000222222222022222220
0111111101111111010000000100000000000000000000222222222222222200
0111111101111111000000001100000000000000000002222222022222222200
0111111101111111000000001000000001000000000002222222222222220200
0111111101111111000000000000000011000000020002222202222222220200
0111111101111111000000000000000020000000001002222202222222220200
0111111101111111000000000000000020000000000002222122222222200200
0111111101011111000100000000000020000000000002222222222222000200
0111111100011111001100000000000020000000000022222222022222000200
0011111100111111001100002000000000000000000022222222022222000200
0011111100101111201110000000000000000000000022222222022222000200
0001111120111111001110000000000000000000000022222222022222000200
1111111110111111001000000000000000000000002000002022222222222222
1111111100111111011000000000000000000000002000002222222222022222
1111111100110111011100000000000000020000000000002222222222022222
0111111101110111011100000000000000020000000020002220222222022222
0111111101110111011000000010000000020000000020002222222222020222
0111111101110111001000000010000000000000000020002222222222020222
0011111111110111001000000010000000000000000020202222202222020222
0011111101110111011000000010000000000000000020202222222222020202
0010111101111111011000000010000000000000000022202222022222020202
0010111100111111111000000010000000000000000022202222222222020002
0000111101111111111000000010000000000000000022222222222022020002
0000111101111111110000000110000000000000000222222202222022020002
0000111101111111110000000100000001000000000222222202222222020000
0000111101111111100000001100000001000000000222222222222222000000
0000111100111111110000001100000001000000002222222220222222000000
0000111100111111110000001100000000000000021222222200222222000000
0000111100111011110001001100000000000000022222222000222222000000
0000011100111111110001001100000000000000022222222200222202000000
0000011100011111111001001100000000000000022222222220222200000000
0000011100011111110001001110000000000000222222222020222200000000
0000011100001111111001001110000000000002222222202020222200000000
0000011100000111111011001110000000000002222222222020222000000000
0000011100000111111011001100000000100022222222202020222000000000
0000011100000111111011001100000000000022222122222020220000000000
0000011100000111111001001101000000000022222222222020020000000000
0000011100000111110001001111000200000020222222222020020000000000
0000011100000111110000001111100200000022222222202020020000000000
0000011100000111110000001111000200000122222222002020020000000000
0000011100000011110000101111000200000222222202002020020000000000
0000011100000011110000001111000100000222222222002020000000000000
0000011100000011110000001111000000002212222202002020000000000000
0000011100000011110000001110000000001222222200002020000000000000
0000011100000011110000001100000001002222222000002020000000000000
0000011100000011110000000100000001002222220000002020000000000000
0000011100000011010000001100000002002222020000002020000000000000
0000011100000011010000000100000001002222220000000020000000000000
0000011100000011010000000000000012002222020000000020000000000000
0000011100000001010000010000000022002222000000000020000000000000
0000011100000001000000011000000222002220000000000020000000000000
0000011100000001000000002000001220002220000000000020000000000000
0000011000000011000000002000002220002020000000000020000000000000
0000010000000111000000002000022220000020000000000020000000000000
0000010000000110000000012000022220000020020000000000000000000000
0000010000000100000000012000020220000020020000000000000000000000
0000000000000110000000012000020222000020000000000000000000000000
0000000000000100000000112200020202000020000000000000000000000000
0000000000000000000000112200020002000020000000000000000000000000
0000000000000000000000202200000102000020000000000000000000000000
0000000000000002000000002200000002000010000000000000000000000000
1111111111111101000001000000000000000000020000002022222222222222
1111111011111111000001000000000000000000022000002002222222222222
1111111011111111000000000000100000000000222000000002222222222222
1111111011111011000010000000100000000000222000000202222220222222
1111110011111111000010000000100000000000222000000222222220022222
1111110011111110000010100000100000000000222000002222222200022222
1111110011111110000010000000110002000000202000002222222200022222
1111110011111100000011000000110002000000222000002022222200022222
1111110011110100000111000000110002200000220000002022222200022222
1111110011110100000111000000100022201000020000002022222200022222
1111100011111100000111000000100022201000022000002002222200022222
1111100011111100000110000000110022201000222000000002222200022222
1111100011111000000111000000110022201000222000000022222200002222
1111100011111000000111000200010020201100222000000022222200002222
1111100011111000000110000200110022201100202000000022222200002222
1111100011111000000110002200100002201110202000000022222200002222
1111000011111100000110002200100022201110002000000022222200002222
1111000011111100000010002210100022001110002000000022222200002222
1111000011111000000011002220100020001110002000000022222200002222
1111000011111000000010002220110020201110000000000022222200002222
1111000011110000000011002220110020201110020000000002222200002222
1111000011110000000011002220010022211110000000000002222200002222
1111000001110000010011002020010022211110000000000002222200002222
1111000000110000120011002000010022211110000000000002222200002222
1111000000100000121011002020010022011110000000000002222200002222
1111000000100000121010002020011022011110000000020002222000002222
1111000000100000121000002020111022011110000000020002222200002220
1111000000100000121000002020101022011110000000000002222200002220
1111000000100000120000002021101022011110000000020002222000002220
1111000000100000122000002001100022011111000000020002222000002220
1111000000100000022000002101100020011111000000020002222000002220
1111000000100000022000002200100000111111000000020002222000002220
1110000000100000002000002200100000111111000000020002222000002220
0110000001100000202000002000100000111111000000020002222000002220
0100000001100000200000002000100000111111000000020002222000002220
0100000002000000001000002000100000111111000000020002222000002220
0120000000000000001000002000100000111111000000020002222000002220
1111111111111101000001000000000000000000020000002022222222222222
1111111111111100000001100000000000000000020000002222222220222222
1111111111111101000001000000000000000000020000002022222222222222
1111111111111100000001100000000000000000020000002222222220222222
1111111011111101000001100000000000000000220000000222222220222222
1111110011111111000001100000000000000000222000000202222220222222
1111110011111101000001110000000000000000222000000222222220022222
1111100011111111000001110000000000000000222000002222222200022222
1111100011101111000011110000000002000000202000002222222200022222
1111000011111111000011110000000002000000222000002022222200022222
1111000011011111000111110000000022000000022000002022222200022222
1110000011111111000111110000000022200000020000002022222200022222
1110000010111111001111110000000022200000022000002002222200022222
1110000000111111011111110000000022200000222000000002222200022222
1110000000111111001111110010000022200000222000000022222200002222
0110000001111111001111110210000020200000222000000022222200002222
0110000001111111001111110200000021200000202000000022222200002222
0110000001111111001011110200100022200000200000000022222200002222
0010000011111111001011110200100022200000202000000002222200002222
0010000011111111001011112200000002210000202000000002222200002222
0010000011111111000011112100000002220000200000000002222200002222
0010000011111111000011102200000102020000200000000002222200002222
0010000011111111000011102220000002000010200000000002222200002222
0010000011111110000011112220000002000010200200000000222200002222
0010000011111110000011102220001002000010200200000002222200000222
0010000011111110000011102220000022000110000200000002222200000222
0010000011011110010011102020000022000110000200000002222200000222
0010000001011110010011102000000022000110000200000002222200000222
0010000001011110020011100000000022000010000201000002222200000222
0010000001011110020011100000000022000000000201000002022200000222
0010000001011100020011110000000022000000000202000002020200000222
0000000021111100000011110000000022000000000202000002020200000222
0200000001111100000011110000000022000000000202000002020200000222
